function data = getDataSet()

% MPK:  I think that this data set is from the cort case, but I'm not sure.
%       This data is from the file:  
%  -->  archive/v007_CMAES_FullOptimization/sampleData/realFluenceMapData.mat

data.raw = [...
    0.0000, 0.0000, 0.0000, 0.0000, 0.0050, 0.0000, 0.0000, 0.0000, 0.0000, 0.0000, 0.0000, 0.0000, 0.0000, 0.0000, 0.0000, 0.0000, 0.0000, 0.0000, 0.0000, 0.0000, 0.0000, 0.0000, 0.0000, 0.0000, 0.0000, 0.0000, 0.0000, 0.0000, 0.0000;
    0.0000, 0.0049, 0.0503, 0.2251, 0.4492, 0.0693, 0.2089, 0.1466, 0.1035, 0.0018, 0.0000, 0.0000, 0.0000, 0.0000, 0.0000, 0.0000, 0.0000, 0.0000, 0.0000, 0.0000, 0.0000, 0.0000, 0.0000, 0.0000, 0.0000, 0.0000, 0.0000, 0.0000, 0.0000;
    0.0000, 0.5452, 3.0296, 4.2533, 5.2668, 4.9187, 4.1179, 3.6880, 2.1751, 0.2871, 0.0316, 0.0459, 0.0197, 0.0000, 0.0034, 0.0267, 0.0279, 0.0000, 0.0051, 0.0000, 0.0000, 0.0000, 0.0000, 0.0000, 0.0000, 0.0000, 0.0000, 0.0000, 0.0000;
    0.0000, 1.8263, 5.7161, 10.4415, 10.2766, 9.6275, 9.6479, 9.7269, 6.9033, 1.2303, 0.0837, 0.1041, 0.0636, 0.0000, 0.2119, 0.2627, 0.5088, 0.1369, 0.1529, 0.0242, 0.0293, 0.0240, 0.0000, 0.0000, 0.0000, 0.0000, 0.0000, 0.0000, 0.0000;
    0.0000, 2.7748, 5.7777, 9.6936, 7.3147, 6.4539, 5.1895, 5.0835, 8.5508, 6.1513, 1.2791, 0.4164, 0.3411, 0.3315, 0.0846, 0.0858, 1.9708, 0.8038, 0.2692, 0.1842, 0.1908, 0.0000, 0.0303, 0.0000, 0.0000, 0.0000, 0.0000, 0.0000, 0.0000;
    0.0395, 3.8297, 6.7613, 7.5778, 6.0423, 6.4501, 5.7516, 4.0904, 3.8578, 5.4672, 5.9824, 5.3131, 7.7413, 12.5146, 11.8065, 8.8953, 10.3152, 9.7222, 8.5321, 12.6103, 0.1635, 0.0000, 0.0060, 0.0000, 0.0177, 0.0000, 0.0000, 0.0000, 0.0000;
    0.0761, 4.3420, 7.5821, 6.6951, 4.9602, 4.5284, 4.0212, 4.6822, 4.7935, 3.8748, 3.3935, 4.0756, 4.8244, 6.5009, 10.0677, 8.7456, 7.8730, 8.0874, 8.5469, 13.5326, 0.7049, 0.1735, 0.4742, 0.0000, 0.0328, 0.0048, 0.0000, 0.0000, 0.0000;
    0.0165, 3.5902, 5.9986, 5.6526, 4.6934, 4.5189, 3.6169, 3.9430, 5.1417, 4.8424, 4.5448, 7.7080, 4.0182, 1.0317, 6.6166, 10.6407, 8.5514, 8.2661, 9.3285, 8.8898, 4.6145, 7.6450, 5.7445, 0.1749, 0.1309, 0.0159, 0.0000, 0.0000, 0.0000;
    0.0000, 2.6579, 5.1828, 5.8548, 4.7503, 4.3723, 4.0422, 4.7719, 6.1927, 4.3186, 5.7492, 8.2356, 3.3807, 5.6864, 8.5390, 7.8231, 7.9438, 9.5102, 10.1301, 5.3953, 3.8205, 6.6780, 5.3598, 1.3536, 0.0740, 0.0274, 0.0000, 0.0000, 0.0000;
    0.0440, 1.7152, 4.1219, 5.8375, 4.1369, 5.2469, 6.2005, 5.5961, 4.5095, 5.2660, 6.9457, 5.9810, 4.5012, 9.3156, 9.9999, 7.4189, 7.3045, 7.1742, 9.3480, 10.3387, 7.4281, 4.0369, 5.1015, 2.5476, 0.1256, 0.0036, 0.0000, 0.0000, 0.0000;
    0.1820, 0.1467, 2.8821, 6.4836, 5.3293, 4.3343, 2.7045, 3.6991, 10.0078, 10.8005, 8.2767, 8.2307, 8.1982, 8.0268, 7.2082, 7.0662, 7.7413, 8.3116, 9.1504, 9.1577, 5.7557, 6.1052, 8.3371, 4.3947, 0.0952, 0.0375, 0.0538, 0.0000, 0.0000;
    0.3930, 0.2773, 1.8239, 5.1430, 3.6815, 4.1335, 3.3896, 2.5611, 5.8359, 8.9572, 7.0757, 6.7092, 7.5022, 7.6392, 7.2756, 7.9139, 10.2855, 8.4209, 3.4538, 5.7119, 6.3928, 5.5182, 8.1154, 9.0582, 0.6964, 0.0000, 0.0274, 0.0000, 0.0000;
    0.3031, 0.0037, 1.1246, 3.9532, 3.2872, 5.1872, 5.7166, 6.4471, 7.1709, 8.0956, 7.4467, 7.1857, 7.3883, 7.2988, 8.5322, 9.3619, 7.1986, 3.8156, 4.0618, 6.4581, 6.7020, 3.1929, 2.7724, 7.2760, 5.8258, 0.4357, 0.0122, 0.0000, 0.0000;
    0.3390, 0.0000, 0.6458, 3.3440, 4.8999, 4.2988, 4.6353, 5.8454, 4.6126, 6.9796, 8.8498, 8.0060, 8.3028, 9.5459, 9.4578, 3.7806, 4.6176, 6.9746, 6.0728, 6.3911, 8.6504, 7.0227, 5.8826, 6.1477, 7.2130, 3.3042, 0.9229, 0.0025, 0.0000;
    0.1730, 0.4411, 1.1425, 3.4709, 3.7370, 2.1553, 4.0015, 7.3824, 9.1866, 8.5807, 7.5496, 6.8807, 8.5340, 8.8722, 5.5962, 4.7171, 6.9268, 6.9092, 6.6028, 6.9667, 6.4988, 3.2637, 3.9727, 7.8029, 7.9480, 4.8894, 2.6782, 0.0745, 0.0211;
    0.1499, 0.1710, 0.5356, 2.5601, 3.3783, 3.5736, 2.9203, 3.9418, 7.2955, 8.6364, 6.6690, 6.5081, 5.8608, 6.5311, 7.1095, 8.0516, 8.8446, 5.6879, 6.8017, 4.4027, 2.2622, 2.8970, 0.9348, 4.8340, 7.2243, 6.0182, 3.2083, 0.1858, 0.0019;
    0.1291, 0.1994, 1.0309, 3.8284, 3.3987, 3.7009, 6.5408, 6.1818, 3.9720, 5.4366, 3.3588, 3.9554, 9.7998, 9.3659, 6.8374, 6.4172, 7.0470, 5.8008, 9.0896, 5.1427, 0.1608, 6.1042, 8.1355, 6.5329, 6.3906, 6.3502, 3.6839, 0.4463, 0.0000;
    0.1220, 0.0343, 0.6644, 3.3569, 4.3087, 3.6736, 5.9878, 8.5553, 5.4802, 5.6438, 5.5937, 3.1150, 5.2138, 9.0978, 8.1364, 4.8849, 6.3205, 8.1292, 4.8402, 2.1624, 5.7253, 5.6221, 6.7573, 5.3014, 5.4681, 6.0862, 3.7946, 2.7927, 0.1120;
    0.0274, 0.0318, 0.1626, 1.0086, 3.2147, 3.9480, 4.1785, 6.1951, 5.8361, 5.3711, 6.9604, 7.5447, 3.7421, 5.6114, 9.1331, 7.6703, 9.5857, 4.9452, 0.7593, 3.5228, 5.3531, 1.7548, 6.2203, 9.6338, 8.8614, 6.4142, 3.8314, 2.9375, 0.0000;
    0.0000, 0.0249, 0.1303, 0.1139, 1.6640, 5.0399, 4.0139, 3.5104, 4.9262, 4.9325, 4.3557, 6.4914, 7.1519, 4.8006, 4.7713, 4.6729, 6.1703, 6.0229, 4.6900, 5.1795, 6.2384, 4.5899, 5.5601, 6.1824, 6.0718, 5.8500, 5.1983, 3.8466, 0.0013;
    0.0000, 0.1199, 0.0131, 0.0000, 1.7114, 5.5913, 5.8933, 4.3370, 4.2091, 3.6597, 4.9485, 6.9098, 6.8599, 5.5588, 5.6230, 5.4521, 5.6495, 6.1088, 5.7291, 5.3216, 5.8388, 5.6678, 5.8978, 6.3393, 6.0651, 5.4058, 5.2378, 4.0872, 0.0816;
    0.0000, 0.0547, 0.0227, 0.2410, 3.5446, 5.9404, 4.8727, 4.0955, 3.3276, 3.2164, 6.2245, 6.4523, 5.8370, 5.4952, 5.5872, 4.9810, 5.0384, 5.4519, 5.3977, 5.2340, 4.9072, 4.9882, 5.6199, 6.0566, 6.2007, 5.4728, 5.9888, 4.0933, 0.1184;
    0.0000, 0.0697, 0.0000, 0.2892, 3.4680, 5.2725, 5.0571, 4.8857, 4.7826, 4.3326, 5.0261, 4.2723, 5.0846, 7.0495, 6.0014, 4.9527, 5.4762, 6.0064, 6.0219, 6.1204, 5.9965, 5.8216, 6.2775, 6.5976, 6.0909, 5.1008, 5.9319, 4.1563, 0.2096;
    0.0000, 0.0700, 0.0098, 0.4854, 3.1094, 5.6381, 5.9469, 4.6944, 3.8498, 3.9919, 5.1340, 4.6955, 5.5336, 6.3905, 5.0505, 4.7519, 5.3998, 5.6365, 5.6825, 5.8114, 5.7956, 5.5443, 5.4645, 6.4094, 6.0625, 5.0986, 6.2084, 3.7325, 0.0536;
    0.0000, 0.0000, 0.0034, 0.8971, 3.1692, 4.6077, 4.5508, 5.1999, 4.1733, 3.8089, 4.4310, 4.1529, 3.9489, 5.7720, 5.4655, 4.9048, 4.7514, 4.5375, 5.3343, 5.9437, 6.2664, 6.5573, 6.3907, 7.0732, 5.5884, 6.2037, 5.8068, 2.3987, 0.0765;
    0.0000, 0.0000, 0.0661, 0.9986, 1.9189, 3.6583, 4.8046, 6.1727, 4.7648, 4.9256, 5.4159, 6.3576, 5.9841, 5.9228, 5.1091, 5.2467, 6.2985, 6.7478, 7.3305, 7.9814, 7.1937, 7.2188, 7.8832, 7.3640, 4.0313, 3.2846, 2.3681, 0.0000, 0.0000;
    0.0000, 0.0000, 0.0662, 0.0495, 1.2655, 2.9063, 6.2475, 6.3891, 4.6931, 4.7782, 4.4005, 4.8190, 4.7249, 4.3205, 4.1628, 3.9036, 3.9990, 5.6075, 6.3482, 5.8103, 5.7000, 5.3978, 5.7162, 4.0940, 1.6973, 0.0314, 0.0152, 0.0103, 0.0000;
    0.0000, 0.0000, 0.0000, 0.0234, 0.5490, 2.3064, 5.4600, 6.3399, 5.9337, 6.0458, 5.5329, 5.3551, 4.5915, 4.0588, 4.6178, 4.5935, 4.8506, 6.4846, 4.4655, 2.9750, 2.8787, 2.7285, 2.3157, 1.4213, 0.1897, 0.0000, 0.0000, 0.0000, 0.0000;
    0.0000, 0.0000, 0.0000, 0.0139, 0.0308, 2.2386, 3.8187, 6.4039, 6.9678, 5.6704, 5.4326, 5.6546, 5.3412, 4.9228, 4.8792, 4.7717, 5.0105, 6.1945, 3.4442, 0.6102, 0.0160, 0.0000, 0.0267, 0.0268, 0.0023, 0.0000, 0.0000, 0.0000, 0.0000;
    0.0000, 0.0000, 0.0000, 0.0000, 0.0000, 3.6024, 5.6077, 6.7506, 7.3801, 6.3481, 5.9584, 6.1187, 5.7260, 6.2198, 6.4916, 6.3489, 5.2290, 6.0198, 4.1203, 2.1065, 0.0000, 0.0000, 0.0000, 0.0000, 0.0000, 0.0000, 0.0000, 0.0000, 0.0000;
    0.0000, 0.0000, 0.0000, 0.0000, 0.1026, 4.1238, 6.1516, 6.6962, 6.5800, 6.1296, 5.6005, 5.4738, 5.4442, 6.1492, 5.8927, 5.5553, 5.6004, 6.9695, 4.3277, 2.6270, 0.0118, 0.0000, 0.0000, 0.0000, 0.0000, 0.0000, 0.0000, 0.0000, 0.0000;
    0.0000, 0.0000, 0.0000, 0.0000, 0.0114, 3.7945, 4.8946, 6.8556, 7.5342, 7.2814, 6.4180, 6.0448, 6.4082, 6.6677, 6.5765, 6.5022, 6.0498, 5.4213, 2.4000, 2.6234, 0.0000, 0.0000, 0.0000, 0.0000, 0.0000, 0.0000, 0.0000, 0.0000, 0.0000;
